
SAXS BOX                                                                        
     1193         0         0         0         0         0         0         0 
  0.000000E+00   3.170756E+02   0.000000E+00   1.000000E+00   1.541800E-01 
  0.000000E+00   1.028176E+00   0.000000E+00   0.000000E+00   0.000000E+00 
  9.773634E-02   1.713983E+05   5.932030E+02 
  1.041267E-01   1.440035E+05   5.419208E+02 
  1.105171E-01   1.231049E+05   5.016696E+02 
  1.169075E-01   1.072678E+05   4.673220E+02 
  1.232979E-01   9.380832E+04   4.367280E+02 
  1.296883E-01   8.272167E+04   4.095880E+02 
  1.360787E-01   7.324648E+04   3.850446E+02 
  1.424691E-01   6.675198E+04   3.677332E+02 
  1.488595E-01   6.105063E+04   3.509312E+02 
  1.552498E-01   5.538120E+04   3.340434E+02 
  1.616402E-01   5.120711E+04   3.211272E+02 
  1.680306E-01   4.764249E+04   3.094226E+02 
  1.744210E-01   4.436721E+04   2.984530E+02 
  1.808114E-01   4.144030E+04   2.882432E+02 
  1.872018E-01   3.857588E+04   2.779526E+02 
  1.935922E-01   3.626840E+04   2.694828E+02 
  1.999825E-01   3.412877E+04   2.612776E+02 
  2.063729E-01   3.234611E+04   2.543804E+02 
  2.127633E-01   3.110778E+04   2.494236E+02 
  2.191537E-01   2.994335E+04   2.447084E+02 
  2.255440E-01   2.874203E+04   2.397706E+02 
  2.319344E-01   2.742133E+04   2.342490E+02 
  2.383248E-01   2.619602E+04   2.290280E+02 
  2.447152E-01   2.567863E+04   2.267530E+02 
  2.511055E-01   2.459046E+04   2.222618E+02 
  2.574959E-01   2.343277E+04   2.168012E+02 
  2.638863E-01   2.330892E+04   2.164966E+02 
  2.702766E-01   2.245979E+04   2.128112E+02 
  2.766670E-01   2.150570E+04   2.083654E+02 
  2.830574E-01   2.093691E+04   2.057536E+02 
  2.894477E-01   2.048961E+04   2.038048E+02 
  2.958381E-01   2.016179E+04   2.023260E+02 
  3.022284E-01   1.970744E+04   2.005536E+02 
  3.086188E-01   1.891546E+04   1.967340E+02 
  3.150091E-01   1.857405E+04   1.949722E+02 
  3.213995E-01   1.835755E+04   1.944865E+02 
  3.277898E-01   1.787548E+04   1.920787E+02 
  3.341801E-01   1.749059E+04   1.905762E+02 
  3.405705E-01   1.689001E+04   1.876332E+02 
  3.469608E-01   1.633909E+04   1.849758E+02 
  3.533512E-01   1.596501E+04   1.830016E+02 
  3.597415E-01   1.593115E+04   1.831666E+02 
  3.661319E-01   1.586108E+04   1.833959E+02 
  3.725222E-01   1.559864E+04   1.823667E+02 
  3.789125E-01   1.533256E+04   1.812712E+02 
  3.853028E-01   1.498539E+04   1.799194E+02 
  3.916931E-01   1.452004E+04   1.775004E+02 
  3.980835E-01   1.420256E+04   1.760180E+02 
  4.044738E-01   1.405587E+04   1.753894E+02 
  4.108641E-01   1.403667E+04   1.760364E+02 
  4.172544E-01   1.385575E+04   1.754588E+02 
  4.236448E-01   1.361132E+04   1.746985E+02 
  4.300351E-01   1.328371E+04   1.729945E+02 
  4.364254E-01   1.311470E+04   1.724858E+02 
  4.428157E-01   1.299244E+04   1.722135E+02 
  4.492060E-01   1.294802E+04   1.725370E+02 
  4.555963E-01   1.280890E+04   1.726285E+02 
  4.619866E-01   1.248514E+04   1.708563E+02 
  4.683769E-01   1.234327E+04   1.705552E+02 
  4.747672E-01   1.231112E+04   1.706513E+02 
  4.811574E-01   1.236909E+04   1.723926E+02 
  4.875478E-01   1.209145E+04   1.707912E+02 
  4.939381E-01   1.202397E+04   1.712630E+02 
  5.003283E-01   1.191133E+04   1.707843E+02 
  5.067186E-01   1.194752E+04   1.723952E+02 
  5.131089E-01   1.163069E+04   1.706529E+02 
  5.194991E-01   1.150522E+04   1.703174E+02 
  5.258894E-01   1.160890E+04   1.714233E+02 
  5.322797E-01   1.193003E+04   1.750553E+02 
  5.386699E-01   1.188151E+04   1.758292E+02 
  5.450602E-01   1.169698E+04   1.749525E+02 
  5.514504E-01   1.181754E+04   1.764245E+02 
  5.578407E-01   1.200314E+04   1.794271E+02 
  5.642309E-01   1.174729E+04   1.779076E+02 
  5.706212E-01   1.177987E+04   1.794398E+02 
  5.770115E-01   1.164136E+04   1.786736E+02 
  5.834017E-01   1.192287E+04   1.820205E+02 
  5.897919E-01   1.197783E+04   1.835879E+02 
  5.961821E-01   1.187665E+04   1.837811E+02 
  6.025724E-01   1.178141E+04   1.839320E+02 
  6.089625E-01   1.180879E+04   1.847991E+02 
  6.153528E-01   1.201143E+04   1.880003E+02 
  6.217430E-01   1.175308E+04   1.866055E+02 
  6.281332E-01   1.176022E+04   1.880584E+02 
  6.345235E-01   1.153006E+04   1.865729E+02 
  6.409136E-01   1.182513E+04   1.905326E+02 
  6.473038E-01   1.167691E+04   1.900024E+02 
  6.536941E-01   1.185587E+04   1.928833E+02 
  6.600842E-01   1.172421E+04   1.925614E+02 
  6.664744E-01   1.192509E+04   1.953965E+02 
  6.728646E-01   1.203034E+04   1.973969E+02 
  6.792547E-01   1.206659E+04   1.991984E+02 
  6.856449E-01   1.171178E+04   1.968755E+02 
  6.920351E-01   1.195342E+04   2.002816E+02 
  6.984252E-01   1.185912E+04   2.008816E+02 
  7.048154E-01   1.144009E+04   1.982465E+02 
  7.112055E-01   1.132894E+04   1.982889E+02 
  7.175958E-01   1.142539E+04   2.004206E+02 
  7.239860E-01   1.129754E+04   2.005534E+02 
  7.303760E-01   1.098541E+04   1.989314E+02 
  7.367662E-01   1.066788E+04   1.969220E+02 
  7.431563E-01   1.090517E+04   2.005836E+02 
  7.495465E-01   1.039652E+04   1.968463E+02 
  7.559366E-01   1.030478E+04   1.970835E+02 
  7.623267E-01   1.039006E+04   1.991509E+02 
  7.687168E-01   1.013762E+04   1.978999E+02 
  7.751069E-01   9.725970E+03   1.949588E+02 
  7.814971E-01   9.470055E+03   1.935113E+02 
  7.878872E-01   9.140030E+03   1.911891E+02 
  7.942771E-01   9.356683E+03   1.923078E+02 
  8.006673E-01   9.149530E+03   1.890000E+02 
  8.070574E-01   8.886758E+03   1.851365E+02 
  8.134475E-01   8.990345E+03   1.851804E+02 
  8.198376E-01   8.535118E+03   1.791863E+02 
  8.262276E-01   8.401448E+03   1.768202E+02 
  8.326177E-01   8.189082E+03   1.734863E+02 
  8.390078E-01   8.260934E+03   1.733423E+02 
  8.453978E-01   8.388002E+03   1.736596E+02 
  8.517879E-01   8.042440E+03   1.687477E+02 
  8.581779E-01   7.899493E+03   1.663842E+02 
  8.645679E-01   7.753631E+03   1.638444E+02 
  8.709580E-01   7.813083E+03   1.636557E+02 
  8.773481E-01   7.935349E+03   1.640012E+02 
  8.837380E-01   7.656582E+03   1.597824E+02 
  8.901281E-01   7.700328E+03   1.596320E+02 
  8.965181E-01   7.699019E+03   1.586060E+02 
  9.029081E-01   7.631990E+03   1.569243E+02 
  9.092981E-01   7.435281E+03   1.538404E+02 
  9.156881E-01   7.436519E+03   1.532033E+02 
  9.220781E-01   7.476704E+03   1.527406E+02 
  9.284681E-01   7.510640E+03   1.521965E+02 
  9.348581E-01   7.264212E+03   1.484445E+02 
  9.412480E-01   7.475591E+03   1.504107E+02 
  9.476380E-01   7.331064E+03   1.474989E+02 
  9.540280E-01   7.313186E+03   1.467710E+02 
  9.604180E-01   7.274122E+03   1.454686E+02 
  9.668079E-01   7.338341E+03   1.454669E+02 
  9.731978E-01   7.119406E+03   1.420004E+02 
  9.795877E-01   7.260906E+03   1.432951E+02 
  9.859776E-01   7.244444E+03   1.419480E+02 
  9.923677E-01   7.232614E+03   1.411596E+02 
  9.987576E-01   7.083999E+03   1.386868E+02 
  1.005147E+00   7.070055E+03   1.381064E+02 
  1.011537E+00   6.985278E+03   1.363452E+02 
  1.017927E+00   7.028318E+03   1.363288E+02 
  1.024317E+00   7.151852E+03   1.368777E+02 
  1.030707E+00   6.967010E+03   1.338196E+02 
  1.037097E+00   6.922876E+03   1.331517E+02 
  1.043487E+00   7.085225E+03   1.342844E+02 
  1.049877E+00   7.013139E+03   1.324189E+02 
  1.056267E+00   6.795427E+03   1.295944E+02 
  1.062656E+00   6.884483E+03   1.304466E+02 
  1.069046E+00   6.910581E+03   1.297383E+02 
  1.075436E+00   6.815856E+03   1.281294E+02 
  1.081826E+00   6.876368E+03   1.284535E+02 
  1.088216E+00   6.939188E+03   1.283324E+02 
  1.094606E+00   6.786145E+03   1.259819E+02 
  1.100995E+00   6.863863E+03   1.267492E+02 
  1.107385E+00   6.993313E+03   1.272478E+02 
  1.113775E+00   6.773582E+03   1.241145E+02 
  1.120165E+00   6.827705E+03   1.248862E+02 
  1.126555E+00   6.822568E+03   1.238902E+02 
  1.132944E+00   6.744325E+03   1.227816E+02 
  1.139334E+00   6.696350E+03   1.219063E+02 
  1.145724E+00   6.751315E+03   1.221391E+02 
  1.152114E+00   6.740567E+03   1.214085E+02 
  1.158504E+00   6.701100E+03   1.206960E+02 
  1.164893E+00   6.778341E+03   1.211593E+02 
  1.171283E+00   6.748469E+03   1.202395E+02 
  1.177673E+00   6.751200E+03   1.200997E+02 
  1.184062E+00   6.779623E+03   1.199258E+02 
  1.190452E+00   6.819486E+03   1.199986E+02 
  1.196842E+00   6.766429E+03   1.190404E+02 
  1.203232E+00   6.602726E+03   1.172426E+02 
  1.209621E+00   6.619562E+03   1.173936E+02 
  1.216011E+00   6.673893E+03   1.174734E+02 
  1.222401E+00   6.734056E+03   1.178386E+02 
  1.228790E+00   6.742305E+03   1.175543E+02 
  1.235180E+00   6.752292E+03   1.175058E+02 
  1.241570E+00   6.761839E+03   1.173291E+02 
  1.247959E+00   6.704777E+03   1.166279E+02 
  1.254349E+00   6.715968E+03   1.166371E+02 
  1.260739E+00   6.644956E+03   1.157513E+02 
  1.267128E+00   6.604762E+03   1.153843E+02 
  1.273518E+00   6.731383E+03   1.163889E+02 
  1.279907E+00   6.714250E+03   1.160496E+02 
  1.286297E+00   6.697992E+03   1.159015E+02 
  1.292687E+00   6.703654E+03   1.158484E+02 
  1.299076E+00   6.642742E+03   1.152923E+02 
  1.305466E+00   6.515213E+03   1.141467E+02 
  1.311855E+00   6.521849E+03   1.142078E+02 
  1.318245E+00   6.580368E+03   1.147385E+02 
  1.324635E+00   6.554470E+03   1.145242E+02 
  1.331024E+00   6.707491E+03   1.158702E+02 
  1.337414E+00   6.689969E+03   1.158862E+02 
  1.343803E+00   6.520545E+03   1.144356E+02 
  1.350193E+00   6.581559E+03   1.150039E+02 
  1.356582E+00   6.680294E+03   1.160309E+02 
  1.362972E+00   6.638185E+03   1.158536E+02 
  1.369361E+00   6.561365E+03   1.153003E+02 
  1.375751E+00   6.451177E+03   1.145928E+02 
  1.382140E+00   6.375242E+03   1.139288E+02 
  1.388530E+00   6.495574E+03   1.151627E+02 
  1.394919E+00   6.549510E+03   1.160113E+02 
  1.401309E+00   6.505475E+03   1.157980E+02 
  1.407698E+00   6.429794E+03   1.155320E+02 
  1.414087E+00   6.391598E+03   1.151408E+02 
  1.420477E+00   6.441058E+03   1.161809E+02 
  1.426866E+00   6.384116E+03   1.157104E+02 
  1.433256E+00   6.394083E+03   1.163860E+02 
  1.439645E+00   6.300252E+03   1.156779E+02 
  1.446034E+00   6.303302E+03   1.161045E+02 
  1.452424E+00   6.303859E+03   1.163857E+02 
  1.458813E+00   6.348050E+03   1.171942E+02 
  1.465203E+00   6.376406E+03   1.178580E+02 
  1.471592E+00   6.303246E+03   1.179245E+02 
  1.477981E+00   6.136702E+03   1.164590E+02 
  1.484371E+00   6.140674E+03   1.169430E+02 
  1.490760E+00   6.192342E+03   1.176589E+02 
  1.497149E+00   6.239891E+03   1.190646E+02 
  1.503539E+00   6.132294E+03   1.181060E+02 
  1.509928E+00   6.153765E+03   1.191519E+02 
  1.516317E+00   6.120023E+03   1.187730E+02 
  1.522707E+00   6.256449E+03   1.211175E+02 
  1.529096E+00   6.154681E+03   1.206070E+02 
  1.535485E+00   6.167111E+03   1.208312E+02 
  1.541874E+00   6.271532E+03   1.230790E+02 
  1.548264E+00   6.120238E+03   1.217771E+02 
  1.554653E+00   6.125891E+03   1.225992E+02 
  1.561042E+00   6.050122E+03   1.223855E+02 
  1.567431E+00   5.998211E+03   1.224477E+02 
  1.573821E+00   5.974497E+03   1.226734E+02 
  1.580210E+00   6.032409E+03   1.238216E+02 
  1.586599E+00   6.074740E+03   1.252287E+02 
  1.592988E+00   5.996080E+03   1.247516E+02 
  1.599377E+00   6.081075E+03   1.262629E+02 
  1.605767E+00   6.108964E+03   1.277675E+02 
  1.612156E+00   5.927005E+03   1.260260E+02 
  1.618545E+00   5.991598E+03   1.275293E+02 
  1.624934E+00   6.000917E+03   1.282482E+02 
  1.631323E+00   6.025614E+03   1.294683E+02 
  1.637712E+00   5.927595E+03   1.290565E+02 
  1.644101E+00   5.872359E+03   1.291675E+02 
  1.650491E+00   5.833021E+03   1.293842E+02 
  1.656879E+00   5.866368E+03   1.302611E+02 
  1.663268E+00   5.995695E+03   1.328303E+02 
  1.669658E+00   5.936134E+03   1.326055E+02 
  1.676047E+00   6.023931E+03   1.348836E+02 
  1.682436E+00   5.817151E+03   1.329608E+02 
  1.688825E+00   5.842083E+03   1.341486E+02 
  1.695214E+00   5.791418E+03   1.343446E+02 
  1.701603E+00   5.767725E+03   1.346654E+02 
  1.707992E+00   5.888624E+03   1.368992E+02 
  1.714381E+00   5.984469E+03   1.390709E+02 
  1.720770E+00   5.907634E+03   1.388991E+02 
  1.727159E+00   5.918354E+03   1.399180E+02 
  1.733548E+00   5.860208E+03   1.402881E+02 
  1.739937E+00   5.644678E+03   1.379827E+02 
  1.746326E+00   5.912366E+03   1.425190E+02 
  1.752714E+00   5.763047E+03   1.412725E+02 
  1.759103E+00   5.935345E+03   1.443682E+02 
  1.765492E+00   5.949304E+03   1.456757E+02 
  1.771881E+00   5.645675E+03   1.424281E+02 
  1.778270E+00   5.828141E+03   1.458447E+02 
  1.784659E+00   5.658098E+03   1.443401E+02 
  1.791048E+00   5.912863E+03   1.487025E+02 
  1.797437E+00   5.686650E+03   1.465956E+02 
  1.803825E+00   5.775333E+03   1.487122E+02 
  1.810214E+00   5.661322E+03   1.480563E+02 
  1.816603E+00   5.927812E+03   1.525081E+02 
  1.822992E+00   5.807219E+03   1.518515E+02 
  1.829381E+00   5.866851E+03   1.528129E+02 
  1.835769E+00   5.685570E+03   1.494965E+02 
  1.842158E+00   5.845581E+03   1.507044E+02 
  1.848547E+00   5.859750E+03   1.499370E+02 
  1.854936E+00   5.830811E+03   1.486394E+02 
  1.861325E+00   5.857072E+03   1.480882E+02 
  1.867713E+00   5.827256E+03   1.467887E+02 
  1.874102E+00   5.540562E+03   1.421119E+02 
  1.880491E+00   5.674967E+03   1.432122E+02 
  1.886880E+00   5.789496E+03   1.437607E+02 
  1.893268E+00   5.649936E+03   1.409672E+02 
  1.899657E+00   5.807434E+03   1.423130E+02 
  1.906045E+00   5.719265E+03   1.401602E+02 
  1.912434E+00   5.798215E+03   1.404525E+02 
  1.918823E+00   5.775905E+03   1.392304E+02 
  1.925211E+00   5.808328E+03   1.388566E+02 
  1.931600E+00   5.779608E+03   1.376156E+02 
  1.937989E+00   5.734891E+03   1.362598E+02 
  1.944377E+00   5.728225E+03   1.354274E+02 
  1.950766E+00   5.908709E+03   1.369773E+02 
  1.957154E+00   5.851580E+03   1.351775E+02 
  1.963543E+00   5.810441E+03   1.339850E+02 
  1.969931E+00   5.810317E+03   1.332654E+02 
  1.976320E+00   5.808428E+03   1.324663E+02 
  1.982708E+00   5.787570E+03   1.314469E+02 
  1.989097E+00   5.773858E+03   1.305647E+02 
  1.995485E+00   5.818153E+03   1.304221E+02 
  2.001874E+00   5.802007E+03   1.293946E+02 
  2.008262E+00   5.864822E+03   1.295391E+02 
  2.014651E+00   5.796075E+03   1.278006E+02 
  2.021039E+00   5.696501E+03   1.260020E+02 
  2.027428E+00   5.766171E+03   1.263961E+02 
  2.033816E+00   5.875328E+03   1.269157E+02 
  2.040205E+00   5.655528E+03   1.232228E+02 
  2.046593E+00   5.733207E+03   1.241639E+02 
  2.052981E+00   5.846922E+03   1.246142E+02 
  2.059369E+00   5.860990E+03   1.239620E+02 
  2.065758E+00   5.862865E+03   1.233759E+02 
  2.072146E+00   5.672253E+03   1.203482E+02 
  2.078535E+00   5.719774E+03   1.208663E+02 
  2.084923E+00   5.791504E+03   1.208906E+02 
  2.091311E+00   5.678920E+03   1.187928E+02 
  2.097699E+00   5.809384E+03   1.202079E+02 
  2.104088E+00   5.779814E+03   1.188020E+02 
  2.110476E+00   5.733378E+03   1.179372E+02 
  2.116864E+00   5.660562E+03   1.165461E+02 
  2.123252E+00   5.685343E+03   1.165362E+02 
  2.129641E+00   5.620122E+03   1.150805E+02 
  2.136029E+00   5.662391E+03   1.153647E+02 
  2.142417E+00   5.668048E+03   1.147291E+02 
  2.148805E+00   5.748102E+03   1.153082E+02 
  2.155194E+00   5.661129E+03   1.135306E+02 
  2.161582E+00   5.734567E+03   1.143513E+02 
  2.167970E+00   5.708934E+03   1.132274E+02 
  2.174358E+00   5.703604E+03   1.130024E+02 
  2.180746E+00   5.695032E+03   1.123902E+02 
  2.187134E+00   5.658902E+03   1.116498E+02 
  2.193522E+00   5.760802E+03   1.125326E+02 
  2.199910E+00   5.698497E+03   1.111156E+02 
  2.206298E+00   5.493915E+03   1.087247E+02 
  2.212687E+00   5.507365E+03   1.089493E+02 
  2.219075E+00   5.642858E+03   1.099410E+02 
  2.225462E+00   5.592676E+03   1.088286E+02 
  2.231850E+00   5.653668E+03   1.094967E+02 
  2.238239E+00   5.606021E+03   1.083589E+02 
  2.244626E+00   5.598211E+03   1.083218E+02 
  2.251014E+00   5.701324E+03   1.090384E+02 
  2.257402E+00   5.652474E+03   1.081185E+02 
  2.263790E+00   5.625429E+03   1.078043E+02 
  2.270178E+00   5.558679E+03   1.067927E+02 
  2.276566E+00   5.477083E+03   1.059051E+02 
  2.282954E+00   5.539524E+03   1.064351E+02 
  2.289342E+00   5.599398E+03   1.067560E+02 
  2.295730E+00   5.697857E+03   1.076260E+02 
  2.302118E+00   5.619323E+03   1.065064E+02 
  2.308505E+00   5.497098E+03   1.053560E+02 
  2.314893E+00   5.596316E+03   1.062621E+02 
  2.321281E+00   5.561843E+03   1.056871E+02 
  2.327669E+00   5.540222E+03   1.055195E+02 
  2.334057E+00   5.563191E+03   1.056017E+02 
  2.340445E+00   5.499673E+03   1.049553E+02 
  2.346832E+00   5.517553E+03   1.051019E+02 
  2.353220E+00   5.543335E+03   1.053076E+02 
  2.359608E+00   5.585804E+03   1.057006E+02 
  2.365995E+00   5.534568E+03   1.052170E+02 
  2.372383E+00   5.476221E+03   1.046615E+02 
  2.378771E+00   5.516685E+03   1.050839E+02 
  2.385159E+00   5.484075E+03   1.048221E+02 
  2.391546E+00   5.476874E+03   1.047865E+02 
  2.397934E+00   5.462035E+03   1.047468E+02 
  2.404321E+00   5.475025E+03   1.048859E+02 
  2.410709E+00   5.493349E+03   1.052389E+02 
  2.417096E+00   5.480007E+03   1.051353E+02 
  2.423484E+00   5.562669E+03   1.060533E+02 
  2.429872E+00   5.601119E+03   1.065905E+02 
  2.436259E+00   5.573046E+03   1.065078E+02 
  2.442647E+00   5.545294E+03   1.063545E+02 
  2.449034E+00   5.507148E+03   1.062509E+02 
  2.455422E+00   5.431553E+03   1.056418E+02 
  2.461809E+00   5.457810E+03   1.059963E+02 
  2.468197E+00   5.504615E+03   1.067638E+02 
  2.474584E+00   5.475167E+03   1.067033E+02 
  2.480972E+00   5.468258E+03   1.068120E+02 
  2.487359E+00   5.430864E+03   1.068608E+02 
  2.493747E+00   5.356450E+03   1.062028E+02 
  2.500134E+00   5.418901E+03   1.070085E+02 
  2.506521E+00   5.461746E+03   1.078988E+02 
  2.512909E+00   5.421735E+03   1.077183E+02 
  2.519296E+00   5.442551E+03   1.081663E+02 
  2.525683E+00   5.412467E+03   1.084611E+02 
  2.532071E+00   5.334257E+03   1.076407E+02 
  2.538458E+00   5.420200E+03   1.089206E+02 
  2.544845E+00   5.423504E+03   1.094533E+02 
  2.551233E+00   5.378348E+03   1.092343E+02 
  2.557620E+00   5.356080E+03   1.095192E+02 
  2.564007E+00   5.322436E+03   1.092870E+02 
  2.570394E+00   5.395448E+03   1.104950E+02 
  2.576782E+00   5.417500E+03   1.111808E+02 
  2.583169E+00   5.427048E+03   1.115950E+02 
  2.589556E+00   5.440488E+03   1.123217E+02 
  2.595943E+00   5.363382E+03   1.119967E+02 
  2.602330E+00   5.326436E+03   1.117098E+02 
  2.608717E+00   5.363781E+03   1.129606E+02 
  2.615105E+00   5.294427E+03   1.121963E+02 
  2.621492E+00   5.390568E+03   1.139616E+02 
  2.627879E+00   5.310524E+03   1.138278E+02 
  2.634266E+00   5.267940E+03   1.129162E+02 
  2.640653E+00   5.499473E+03   1.167788E+02 
  2.647040E+00   5.338969E+03   1.154125E+02 
  2.653427E+00   5.246209E+03   1.148860E+02 
  2.659814E+00   5.222397E+03   1.146895E+02 
  2.666201E+00   5.380112E+03   1.170434E+02 
  2.672588E+00   5.421401E+03   1.184617E+02 
  2.678975E+00   5.322582E+03   1.173909E+02 
  2.685362E+00   5.397768E+03   1.192542E+02 
  2.691749E+00   5.332101E+03   1.183340E+02 
  2.698136E+00   5.505419E+03   1.216668E+02 
  2.704523E+00   5.325018E+03   1.196848E+02 
  2.710909E+00   5.398992E+03   1.211414E+02 
  2.717296E+00   5.413690E+03   1.220810E+02 
  2.723683E+00   5.315133E+03   1.216213E+02 
  2.730070E+00   5.219685E+03   1.207035E+02 
  2.736457E+00   5.299672E+03   1.224379E+02 
  2.742844E+00   5.270859E+03   1.225771E+02 
  2.749230E+00   5.275492E+03   1.234362E+02 
  2.755617E+00   5.190686E+03   1.228017E+02 
  2.762004E+00   5.235738E+03   1.238886E+02 
  2.768390E+00   5.290709E+03   1.252646E+02 
  2.774777E+00   5.273721E+03   1.256911E+02 
  2.781164E+00   5.238894E+03   1.259515E+02 
  2.787550E+00   5.201048E+03   1.257830E+02 
  2.793937E+00   5.326061E+03   1.283428E+02 
  2.800323E+00   5.185732E+03   1.271569E+02 
  2.806710E+00   5.124558E+03   1.269103E+02 
  2.813097E+00   5.162831E+03   1.278344E+02 
  2.819484E+00   5.324711E+03   1.305578E+02 
  2.825870E+00   5.409593E+03   1.324637E+02 
  2.832257E+00   5.323088E+03   1.321344E+02 
  2.838643E+00   5.186239E+03   1.308466E+02 
  2.845030E+00   5.230744E+03   1.320602E+02 
  2.851416E+00   5.278000E+03   1.333681E+02 
  2.857802E+00   5.271595E+03   1.340309E+02 
  2.864189E+00   5.196106E+03   1.336736E+02 
  2.870576E+00   5.172587E+03   1.338689E+02 
  2.876962E+00   5.319243E+03   1.366249E+02 
  2.883348E+00   5.264750E+03   1.363972E+02 
  2.889735E+00   5.454492E+03   1.397458E+02 
  2.896121E+00   5.330692E+03   1.389379E+02 
  2.902507E+00   5.073107E+03   1.359449E+02 
  2.908894E+00   5.242976E+03   1.389581E+02 
  2.915280E+00   5.294508E+03   1.402824E+02 
  2.921666E+00   5.434732E+03   1.429750E+02 
  2.928052E+00   5.244244E+03   1.410241E+02 
  2.934439E+00   5.362625E+03   1.433671E+02 
  2.940825E+00   5.299076E+03   1.432184E+02 
  2.947211E+00   5.244958E+03   1.431485E+02 
  2.953598E+00   5.324135E+03   1.449760E+02 
  2.959984E+00   5.050169E+03   1.418572E+02 
  2.966370E+00   5.138737E+03   1.429499E+02 
  2.972756E+00   5.134039E+03   1.421880E+02 
  2.979142E+00   5.349253E+03   1.444823E+02 
  2.985528E+00   5.203636E+03   1.417409E+02 
  2.991915E+00   5.225444E+03   1.414026E+02 
  2.998301E+00   5.353455E+03   1.424753E+02 
  3.004687E+00   5.204032E+03   1.396934E+02 
  3.011073E+00   5.308833E+03   1.405500E+02 
  3.017459E+00   5.241101E+03   1.388951E+02 
  3.023845E+00   5.276157E+03   1.387637E+02 
  3.030231E+00   5.180239E+03   1.367561E+02 
  3.036617E+00   5.271338E+03   1.374531E+02 
  3.043003E+00   5.267603E+03   1.366786E+02 
  3.049388E+00   5.267935E+03   1.360586E+02 
  3.055774E+00   5.130312E+03   1.335212E+02 
  3.062160E+00   5.187573E+03   1.338333E+02 
  3.068546E+00   5.227997E+03   1.337070E+02 
  3.074932E+00   5.180601E+03   1.324056E+02 
  3.081318E+00   5.324608E+03   1.338385E+02 
  3.087704E+00   5.211103E+03   1.314978E+02 
  3.094090E+00   5.247636E+03   1.315716E+02 
  3.100476E+00   5.257490E+03   1.310564E+02 
  3.106861E+00   5.105249E+03   1.283596E+02 
  3.113247E+00   5.187424E+03   1.291511E+02 
  3.119633E+00   5.144301E+03   1.278316E+02 
  3.126018E+00   5.219678E+03   1.283945E+02 
  3.132404E+00   5.113743E+03   1.262467E+02 
  3.138790E+00   5.075238E+03   1.253584E+02 
  3.145175E+00   5.165528E+03   1.261091E+02 
  3.151561E+00   5.028378E+03   1.235018E+02 
  3.157947E+00   5.064849E+03   1.237720E+02 
  3.164332E+00   5.073295E+03   1.232457E+02 
  3.170717E+00   5.173067E+03   1.241009E+02 
  3.177103E+00   5.021430E+03   1.212995E+02 
  3.183489E+00   5.069724E+03   1.218218E+02 
  3.189874E+00   5.154292E+03   1.223206E+02 
  3.196260E+00   5.232770E+03   1.227347E+02 
  3.202646E+00   5.152664E+03   1.210098E+02 
  3.209031E+00   5.098491E+03   1.200030E+02 
  3.215416E+00   4.990479E+03   1.181199E+02 
  3.221802E+00   5.073679E+03   1.190433E+02 
  3.228187E+00   5.159450E+03   1.194893E+02 
  3.234572E+00   5.108859E+03   1.181909E+02 
  3.240957E+00   5.180989E+03   1.188787E+02 
  3.247343E+00   5.039907E+03   1.162903E+02 
  3.253728E+00   5.141224E+03   1.176524E+02 
  3.260114E+00   5.093998E+03   1.162090E+02 
  3.266499E+00   5.095268E+03   1.160311E+02 
  3.272884E+00   5.064628E+03   1.151311E+02 
  3.279269E+00   4.975794E+03   1.136144E+02 
  3.285655E+00   5.030787E+03   1.141831E+02 
  3.292040E+00   4.979710E+03   1.128655E+02 
  3.298425E+00   5.110110E+03   1.144433E+02 
  3.304810E+00   5.168606E+03   1.143960E+02 
  3.311195E+00   5.126799E+03   1.134168E+02 
  3.317580E+00   5.091023E+03   1.126960E+02 
  3.323966E+00   5.110078E+03   1.126450E+02 
  3.330351E+00   5.096771E+03   1.120285E+02 
  3.336736E+00   5.156795E+03   1.125284E+02 
  3.343121E+00   5.021245E+03   1.101836E+02 
  3.349506E+00   5.086162E+03   1.111889E+02 
  3.355891E+00   5.071848E+03   1.102864E+02 
  3.362276E+00   5.037470E+03   1.096861E+02 
  3.368660E+00   5.116842E+03   1.104325E+02 
  3.375046E+00   5.089429E+03   1.094965E+02 
  3.381431E+00   5.119562E+03   1.097621E+02 
  3.387815E+00   5.079999E+03   1.087687E+02 
  3.394200E+00   5.092533E+03   1.088255E+02 
  3.400585E+00   4.982902E+03   1.069931E+02 
  3.406970E+00   5.030522E+03   1.077231E+02 
  3.413355E+00   5.019519E+03   1.069761E+02 
  3.419739E+00   5.038516E+03   1.071224E+02 
  3.426124E+00   5.061043E+03   1.070017E+02 
  3.432509E+00   5.124977E+03   1.075444E+02 
  3.438894E+00   5.077573E+03   1.064884E+02 
  3.445278E+00   4.910796E+03   1.043636E+02 
  3.451663E+00   4.962805E+03   1.051903E+02 
  3.458048E+00   4.903878E+03   1.038380E+02 
  3.464432E+00   4.994007E+03   1.051154E+02 
  3.470817E+00   5.022287E+03   1.047746E+02 
  3.477201E+00   4.994049E+03   1.043585E+02 
  3.483586E+00   5.172767E+03   1.063482E+02 
  3.489971E+00   5.114132E+03   1.048794E+02 
  3.496355E+00   5.052566E+03   1.043941E+02 
  3.502740E+00   5.001550E+03   1.034949E+02 
  3.509124E+00   5.080870E+03   1.044626E+02 
  3.515509E+00   5.143975E+03   1.046961E+02 
  3.521893E+00   5.130384E+03   1.043671E+02 
  3.528278E+00   5.040188E+03   1.031424E+02 
  3.534662E+00   4.958142E+03   1.022240E+02 
  3.541046E+00   4.996669E+03   1.026089E+02 
  3.547431E+00   5.070205E+03   1.031661E+02 
  3.553815E+00   5.110978E+03   1.033925E+02 
  3.560199E+00   5.155152E+03   1.037145E+02 
  3.566584E+00   5.146440E+03   1.033847E+02 
  3.572968E+00   4.975294E+03   1.013326E+02 
  3.579352E+00   4.922149E+03   1.009628E+02 
  3.585737E+00   4.967772E+03   1.012482E+02 
  3.592120E+00   4.980682E+03   1.012511E+02 
  3.598505E+00   5.027631E+03   1.016661E+02 
  3.604889E+00   5.038760E+03   1.015834E+02 
  3.611273E+00   5.071137E+03   1.018897E+02 
  3.617657E+00   5.066003E+03   1.016306E+02 
  3.624041E+00   5.009305E+03   1.009826E+02 
  3.630425E+00   4.921248E+03   9.995772E+01 
  3.636809E+00   4.921194E+03   1.000060E+02 
  3.643193E+00   5.000492E+03   1.007113E+02 
  3.649578E+00   4.985525E+03   1.004040E+02 
  3.655961E+00   5.053185E+03   1.011518E+02 
  3.662345E+00   5.153890E+03   1.020063E+02 
  3.668729E+00   5.180072E+03   1.022003E+02 
  3.675113E+00   5.181797E+03   1.021419E+02 
  3.681497E+00   5.106196E+03   1.013026E+02 
  3.687881E+00   5.173704E+03   1.020499E+02 
  3.694265E+00   5.129352E+03   1.013982E+02 
  3.700648E+00   5.105507E+03   1.012724E+02 
  3.707032E+00   5.101515E+03   1.010901E+02 
  3.713416E+00   5.105110E+03   1.011848E+02 
  3.719800E+00   5.103187E+03   1.010663E+02 
  3.726184E+00   5.030864E+03   1.003620E+02 
  3.732567E+00   5.033284E+03   1.003627E+02 
  3.738951E+00   5.073925E+03   1.007644E+02 
  3.745335E+00   5.209636E+03   1.020946E+02 
  3.751718E+00   5.163606E+03   1.016164E+02 
  3.758102E+00   5.063023E+03   1.006285E+02 
  3.764485E+00   5.040773E+03   1.004110E+02 
  3.770869E+00   5.022115E+03   1.002233E+02 
  3.777253E+00   5.107127E+03   1.010718E+02 
  3.783636E+00   5.117970E+03   1.012094E+02 
  3.790020E+00   5.102189E+03   1.010511E+02 
  3.796403E+00   5.077435E+03   1.008517E+02 
  3.802787E+00   5.080913E+03   1.008639E+02 
  3.809170E+00   5.095514E+03   1.010848E+02 
  3.815553E+00   5.076905E+03   1.008835E+02 
  3.821937E+00   5.134542E+03   1.014978E+02 
  3.828320E+00   5.098635E+03   1.012224E+02 
  3.834703E+00   4.966812E+03   9.996050E+01 
  3.841087E+00   4.962695E+03   9.984376E+01 
  3.847470E+00   5.109539E+03   1.013692E+02 
  3.853853E+00   5.184681E+03   1.021995E+02 
  3.860237E+00   5.093720E+03   1.014559E+02 
  3.866619E+00   5.027529E+03   1.006877E+02 
  3.873003E+00   5.060449E+03   1.011691E+02 
  3.879386E+00   5.080441E+03   1.013134E+02 
  3.885769E+00   5.076871E+03   1.015118E+02 
  3.892152E+00   5.048150E+03   1.010894E+02 
  3.898535E+00   5.069598E+03   1.015614E+02 
  3.904918E+00   5.037654E+03   1.011234E+02 
  3.911302E+00   5.063497E+03   1.016152E+02 
  3.917685E+00   5.003314E+03   1.009910E+02 
  3.924068E+00   4.985632E+03   1.009419E+02 
  3.930450E+00   5.005105E+03   1.010735E+02 
  3.936833E+00   5.046350E+03   1.017211E+02 
  3.943216E+00   5.071672E+03   1.018608E+02 
  3.949600E+00   5.053406E+03   1.021124E+02 
  3.955982E+00   4.943208E+03   1.007450E+02 
  3.962365E+00   4.999545E+03   1.015553E+02 
  3.968748E+00   4.941106E+03   1.010585E+02 
  3.975131E+00   4.968696E+03   1.012209E+02 
  3.981514E+00   5.067000E+03   1.024546E+02 
  3.987896E+00   5.036370E+03   1.023026E+02 
  3.994279E+00   5.044689E+03   1.022840E+02 
  4.000661E+00   5.074813E+03   1.029273E+02 
  4.007044E+00   5.043748E+03   1.024764E+02 
  4.013427E+00   5.064362E+03   1.030100E+02 
  4.019810E+00   4.995306E+03   1.022716E+02 
  4.026192E+00   5.004335E+03   1.024663E+02 
  4.032575E+00   5.015353E+03   1.026608E+02 
  4.038958E+00   4.984673E+03   1.025800E+02 
  4.045340E+00   4.988160E+03   1.023974E+02 
  4.051723E+00   5.064967E+03   1.035992E+02 
  4.058105E+00   5.010185E+03   1.030099E+02 
  4.064487E+00   5.007332E+03   1.031440E+02 
  4.070870E+00   5.013292E+03   1.031722E+02 
  4.077252E+00   5.029793E+03   1.036474E+02 
  4.083635E+00   5.010083E+03   1.033210E+02 
  4.090017E+00   5.024256E+03   1.038552E+02 
  4.096399E+00   4.972471E+03   1.031430E+02 
  4.102782E+00   5.051091E+03   1.041229E+02 
  4.109164E+00   5.025311E+03   1.042105E+02 
  4.115546E+00   4.933114E+03   1.031470E+02 
  4.121929E+00   4.982996E+03   1.036533E+02 
  4.128311E+00   5.013500E+03   1.043537E+02 
  4.134692E+00   4.981286E+03   1.038423E+02 
  4.141075E+00   5.013225E+03   1.045731E+02 
  4.147457E+00   4.972206E+03   1.039880E+02 
  4.153839E+00   5.027124E+03   1.048037E+02 
  4.160221E+00   5.008300E+03   1.047346E+02 
  4.166604E+00   4.964500E+03   1.044458E+02 
  4.172985E+00   4.969129E+03   1.042935E+02 
  4.179367E+00   5.073046E+03   1.056880E+02 
  4.185749E+00   5.078357E+03   1.058506E+02 
  4.192131E+00   5.074585E+03   1.059486E+02 
  4.198513E+00   5.037146E+03   1.057430E+02 
  4.204895E+00   4.983321E+03   1.051994E+02 
  4.211277E+00   4.978655E+03   1.052184E+02 
  4.217659E+00   5.027704E+03   1.056883E+02 
  4.224041E+00   5.100426E+03   1.067563E+02 
  4.230422E+00   5.065344E+03   1.065516E+02 
  4.236804E+00   5.087932E+03   1.065278E+02 
  4.243186E+00   5.136534E+03   1.077729E+02 
  4.249568E+00   5.019642E+03   1.060542E+02 
  4.255949E+00   5.066027E+03   1.071715E+02 
  4.262331E+00   4.958521E+03   1.057123E+02 
  4.268713E+00   5.024645E+03   1.066087E+02 
  4.275094E+00   5.019437E+03   1.067881E+02 
  4.281476E+00   5.026664E+03   1.066093E+02 
  4.287858E+00   5.086748E+03   1.078645E+02 
  4.294239E+00   4.962123E+03   1.063774E+02 
  4.300620E+00   5.024659E+03   1.068108E+02 
  4.307002E+00   5.150909E+03   1.086691E+02 
  4.313383E+00   5.056757E+03   1.079016E+02 
  4.319765E+00   4.939314E+03   1.065605E+02 
  4.326146E+00   5.010689E+03   1.068705E+02 
  4.332528E+00   5.198461E+03   1.096192E+02 
  4.338909E+00   5.098612E+03   1.085998E+02 
  4.345290E+00   5.067084E+03   1.081228E+02 
  4.351671E+00   5.130355E+03   1.089344E+02 
  4.358053E+00   5.156298E+03   1.093717E+02 
  4.364434E+00   5.091979E+03   1.090589E+02 
  4.370815E+00   4.970899E+03   1.074605E+02 
  4.377197E+00   4.982542E+03   1.078680E+02 
  4.383577E+00   4.965746E+03   1.074423E+02 
  4.389958E+00   5.038253E+03   1.086169E+02 
  4.396340E+00   5.018314E+03   1.082280E+02 
  4.402721E+00   5.069076E+03   1.090843E+02 
  4.409102E+00   5.063923E+03   1.088513E+02 
  4.415483E+00   5.136964E+03   1.098860E+02 
  4.421864E+00   5.136347E+03   1.099220E+02 
  4.428245E+00   5.106269E+03   1.099198E+02 
  4.434626E+00   5.013201E+03   1.087179E+02 
  4.441007E+00   5.043636E+03   1.090845E+02 
  4.447388E+00   5.075286E+03   1.095670E+02 
  4.453769E+00   5.089127E+03   1.097151E+02 
  4.460150E+00   5.134238E+03   1.102673E+02 
  4.466530E+00   5.176642E+03   1.107798E+02 
  4.472911E+00   5.154192E+03   1.109623E+02 
  4.479292E+00   4.987423E+03   1.091299E+02 
  4.485672E+00   4.973074E+03   1.083777E+02 
  4.492054E+00   5.176555E+03   1.110269E+02 
  4.498434E+00   5.192590E+03   1.113569E+02 
  4.504815E+00   5.148067E+03   1.110164E+02 
  4.511195E+00   5.145932E+03   1.105830E+02 
  4.517576E+00   5.243145E+03   1.122834E+02 
  4.523956E+00   5.119837E+03   1.106873E+02 
  4.530337E+00   5.116964E+03   1.108343E+02 
  4.536717E+00   5.084676E+03   1.103396E+02 
  4.543098E+00   5.132950E+03   1.109339E+02 
  4.549479E+00   5.169489E+03   1.113545E+02 
  4.555859E+00   5.197000E+03   1.117518E+02 
  4.562239E+00   5.233033E+03   1.119702E+02 
  4.568619E+00   5.289823E+03   1.130424E+02 
  4.575000E+00   5.181596E+03   1.117398E+02 
  4.581380E+00   5.135156E+03   1.113790E+02 
  4.587761E+00   5.096557E+03   1.106360E+02 
  4.594140E+00   5.201306E+03   1.118855E+02 
  4.600521E+00   5.262555E+03   1.126018E+02 
  4.606901E+00   5.237361E+03   1.127662E+02 
  4.613281E+00   5.116985E+03   1.109187E+02 
  4.619661E+00   5.213000E+03   1.121926E+02 
  4.626042E+00   5.211640E+03   1.122071E+02 
  4.632422E+00   5.172637E+03   1.119956E+02 
  4.638802E+00   5.145152E+03   1.110999E+02 
  4.645182E+00   5.276104E+03   1.132181E+02 
  4.651562E+00   5.163744E+03   1.116090E+02 
  4.657942E+00   5.205851E+03   1.122233E+02 
  4.664322E+00   5.177755E+03   1.119192E+02 
  4.670702E+00   5.164258E+03   1.117160E+02 
  4.677082E+00   5.181690E+03   1.118702E+02 
  4.683461E+00   5.237859E+03   1.123327E+02 
  4.689841E+00   5.313230E+03   1.133976E+02 
  4.696221E+00   5.270034E+03   1.129143E+02 
  4.702601E+00   5.211471E+03   1.124205E+02 
  4.708981E+00   5.133417E+03   1.112751E+02 
  4.715361E+00   5.196768E+03   1.118860E+02 
  4.721739E+00   5.250741E+03   1.126652E+02 
  4.728119E+00   5.167831E+03   1.119765E+02 
  4.734499E+00   5.045731E+03   1.102691E+02 
  4.740879E+00   5.122333E+03   1.108814E+02 
  4.747258E+00   5.269800E+03   1.125508E+02 
  4.753638E+00   5.288992E+03   1.131933E+02 
  4.760017E+00   5.192110E+03   1.115819E+02 
  4.766397E+00   5.291396E+03   1.129153E+02 
  4.772776E+00   5.225327E+03   1.123543E+02 
  4.779155E+00   5.110294E+03   1.108901E+02 
  4.785535E+00   5.136035E+03   1.108158E+02 
  4.791914E+00   5.262247E+03   1.123688E+02 
  4.798294E+00   5.299795E+03   1.126197E+02 
  4.804673E+00   5.337608E+03   1.132551E+02 
  4.811052E+00   5.240123E+03   1.122308E+02 
  4.817431E+00   5.202929E+03   1.112945E+02 
  4.823811E+00   5.353684E+03   1.130401E+02 
  4.830190E+00   5.332958E+03   1.132590E+02 
  4.836569E+00   5.186098E+03   1.110762E+02 
  4.842948E+00   5.276389E+03   1.121070E+02 
  4.849327E+00   5.321581E+03   1.124800E+02 
  4.855706E+00   5.333149E+03   1.128420E+02 
  4.862085E+00   5.256722E+03   1.116848E+02 
  4.868464E+00   5.242898E+03   1.118384E+02 
  4.874843E+00   5.147018E+03   1.102867E+02 
  4.881222E+00   5.204023E+03   1.111581E+02 
  4.887601E+00   5.190841E+03   1.105120E+02 
  4.893980E+00   5.291565E+03   1.119568E+02 
  4.900359E+00   5.285254E+03   1.113143E+02 
  4.906737E+00   5.393708E+03   1.129963E+02 
  4.913116E+00   5.258977E+03   1.112878E+02 
  4.919496E+00   5.279141E+03   1.111183E+02 
  4.925874E+00   5.395752E+03   1.125030E+02 
  4.932252E+00   5.401466E+03   1.124736E+02 
  4.938631E+00   5.345854E+03   1.121190E+02 
  4.945010E+00   5.294353E+03   1.107236E+02 
  4.951389E+00   5.460793E+03   1.130859E+02 
  4.957767E+00   5.349358E+03   1.115552E+02 
  4.964146E+00   5.355127E+03   1.115870E+02 
  4.970525E+00   5.348000E+03   1.113435E+02 
  4.976902E+00   5.348816E+03   1.114011E+02 
  4.983281E+00   5.321966E+03   1.108254E+02 
  4.989660E+00   5.326989E+03   1.110833E+02 
  4.996038E+00   5.312319E+03   1.102428E+02 
  5.002417E+00   5.420681E+03   1.119992E+02 
  5.008795E+00   5.269928E+03   1.099247E+02 
  5.015173E+00   5.296836E+03   1.101799E+02 
  5.021551E+00   5.301008E+03   1.100612E+02 
  5.027929E+00   5.378122E+03   1.105243E+02 
  5.034308E+00   5.429030E+03   1.115460E+02 
  5.040686E+00   5.263109E+03   1.093916E+02 
  5.047064E+00   5.308402E+03   1.095191E+02 
  5.053442E+00   5.383494E+03   1.105483E+02 
  5.059820E+00   5.333910E+03   1.097073E+02 
  5.066198E+00   5.352716E+03   1.099548E+02 
  5.072577E+00   5.327832E+03   1.094280E+02 
  5.078955E+00   5.347682E+03   1.096389E+02 
  5.085332E+00   5.339916E+03   1.093035E+02 
  5.091711E+00   5.419072E+03   1.099201E+02 
  5.098088E+00   5.475553E+03   1.106226E+02 
  5.104465E+00   5.405457E+03   1.098106E+02 
  5.110844E+00   5.426071E+03   1.094880E+02 
  5.117222E+00   5.528047E+03   1.108792E+02 
  5.123600E+00   5.410692E+03   1.094994E+02 
  5.129977E+00   5.455340E+03   1.093476E+02 
  5.136355E+00   5.570652E+03   1.110167E+02 
  5.142732E+00   5.413841E+03   1.091189E+02 
  5.149110E+00   5.374443E+03   1.085612E+02 
  5.155488E+00   5.400888E+03   1.085327E+02 
  5.161865E+00   5.475048E+03   1.092915E+02 
  5.168243E+00   5.484727E+03   1.092463E+02 
  5.174621E+00   5.513486E+03   1.093848E+02 
  5.180998E+00   5.536800E+03   1.095467E+02 
  5.187375E+00   5.529569E+03   1.093450E+02 
  5.193753E+00   5.518364E+03   1.091353E+02 
  5.200130E+00   5.516035E+03   1.089140E+02 
  5.206508E+00   5.520781E+03   1.089338E+02 
  5.212885E+00   5.439870E+03   1.081060E+02 
  5.219263E+00   5.404809E+03   1.073274E+02 
  5.225639E+00   5.446189E+03   1.079014E+02 
  5.232017E+00   5.407870E+03   1.071621E+02 
  5.238394E+00   5.472889E+03   1.077745E+02 
  5.244771E+00   5.461322E+03   1.076115E+02 
  5.251148E+00   5.469375E+03   1.074039E+02 
  5.257526E+00   5.520815E+03   1.079380E+02 
  5.263903E+00   5.469061E+03   1.073514E+02 
  5.270279E+00   5.490593E+03   1.071949E+02 
  5.276657E+00   5.525826E+03   1.077682E+02 
  5.283033E+00   5.556300E+03   1.074381E+02 
  5.289411E+00   5.740314E+03   1.095049E+02 
  5.295787E+00   5.716932E+03   1.090257E+02 
  5.302165E+00   5.749361E+03   1.093085E+02 
  5.308541E+00   5.670708E+03   1.085622E+02 
  5.314918E+00   5.582106E+03   1.074582E+02 
  5.321295E+00   5.592229E+03   1.074613E+02 
  5.327671E+00   5.591524E+03   1.073560E+02 
  5.334049E+00   5.597140E+03   1.072880E+02 
  5.340425E+00   5.661459E+03   1.077275E+02 
  5.346802E+00   5.741004E+03   1.084611E+02 
  5.353179E+00   5.698976E+03   1.080670E+02 
  5.359555E+00   5.639389E+03   1.073019E+02 
  5.365932E+00   5.652989E+03   1.073676E+02 
  5.372307E+00   5.702718E+03   1.076693E+02 
  5.378685E+00   5.743766E+03   1.080842E+02 
  5.385060E+00   5.706439E+03   1.076142E+02 
  5.391438E+00   5.716290E+03   1.076196E+02 
  5.397813E+00   5.716860E+03   1.075721E+02 
  5.404190E+00   5.697166E+03   1.073087E+02 
  5.410566E+00   5.720734E+03   1.074271E+02 
  5.416943E+00   5.702462E+03   1.072716E+02 
  5.423318E+00   5.619038E+03   1.063895E+02 
  5.429695E+00   5.647941E+03   1.065555E+02 
  5.436071E+00   5.663147E+03   1.067143E+02 
  5.442447E+00   5.641699E+03   1.064183E+02 
  5.448823E+00   5.773440E+03   1.075709E+02 
  5.455199E+00   5.735392E+03   1.073061E+02 
  5.461576E+00   5.659434E+03   1.064484E+02 
  5.467952E+00   5.758518E+03   1.073857E+02 
  5.474328E+00   5.745372E+03   1.072421E+02 
  5.480703E+00   5.745701E+03   1.072197E+02 
  5.487080E+00   5.763450E+03   1.073737E+02 
  5.493456E+00   5.747141E+03   1.072154E+02 
  5.499831E+00   5.761507E+03   1.073454E+02 
  5.506207E+00   5.767289E+03   1.074001E+02 
  5.512583E+00   5.673553E+03   1.065254E+02 
  5.518959E+00   5.707107E+03   1.068833E+02 
  5.525334E+00   5.733581E+03   1.071143E+02 
  5.531710E+00   5.634175E+03   1.062139E+02 
  5.538085E+00   5.685688E+03   1.067789E+02 
  5.544461E+00   5.680304E+03   1.066953E+02 
  5.550837E+00   5.676589E+03   1.067848E+02 
  5.557213E+00   5.708480E+03   1.070815E+02 
  5.563588E+00   5.617492E+03   1.062620E+02 
  5.569963E+00   5.671986E+03   1.069659E+02 
  5.576339E+00   5.867792E+03   1.088739E+02 
  5.582714E+00   5.931990E+03   1.094522E+02 
  5.589089E+00   5.779868E+03   1.080275E+02 
  5.595465E+00   5.723376E+03   1.077668E+02 
  5.601840E+00   5.709995E+03   1.076424E+02 
  5.608215E+00   5.763777E+03   1.084206E+02 
  5.614591E+00   5.763351E+03   1.083544E+02 
  5.620966E+00   5.761492E+03   1.086147E+02 
  5.627341E+00   5.835769E+03   1.094340E+02 
  5.633717E+00   5.769335E+03   1.088008E+02 
  5.640091E+00   5.841049E+03   1.099335E+02 
  5.646467E+00   5.727250E+03   1.085514E+02 
  5.652841E+00   5.642687E+03   1.082940E+02 
  5.659216E+00   5.841121E+03   1.105083E+02 
  5.665591E+00   5.724260E+03   1.090302E+02 
  5.671967E+00   5.760686E+03   1.102066E+02 
  5.678341E+00   5.911047E+03   1.116167E+02 
  5.684716E+00   5.766388E+03   1.101345E+02 
  5.691091E+00   5.796913E+03   1.111598E+02 
  5.697465E+00   5.933579E+03   1.125812E+02 
  5.703840E+00   5.896697E+03   1.122715E+02 
  5.710215E+00   5.833667E+03   1.120195E+02 
  5.716590E+00   5.835143E+03   1.123785E+02 
  5.722965E+00   5.844295E+03   1.127273E+02 
  5.729340E+00   5.929151E+03   1.139943E+02 
  5.735713E+00   5.832047E+03   1.129413E+02 
  5.742088E+00   5.866572E+03   1.140735E+02 
  5.748462E+00   5.928002E+03   1.148050E+02 
  5.754837E+00   5.956530E+03   1.154629E+02 
  5.761212E+00   5.973061E+03   1.159435E+02 
  5.767586E+00   5.970909E+03   1.162721E+02 
  5.773960E+00   5.974495E+03   1.167072E+02 
  5.780334E+00   6.105698E+03   1.186234E+02 
  5.786709E+00   6.107235E+03   1.186810E+02 
  5.793083E+00   6.032438E+03   1.183831E+02 
  5.799458E+00   5.971384E+03   1.182331E+02 
  5.805831E+00   5.964263E+03   1.186970E+02 
  5.812206E+00   5.872535E+03   1.180101E+02 
  5.818580E+00   5.905130E+03   1.191383E+02 
  5.824954E+00   6.048534E+03   1.211520E+02 
  5.831328E+00   6.021560E+03   1.209966E+02 
  5.837702E+00   6.003391E+03   1.214703E+02 
  5.844076E+00   5.956868E+03   1.213931E+02 
  5.850450E+00   6.040479E+03   1.230753E+02 
  5.856824E+00   6.057381E+03   1.235634E+02 
  5.863197E+00   5.994929E+03   1.233980E+02 
  5.869571E+00   6.046746E+03   1.247483E+02 
  5.875945E+00   5.855689E+03   1.227715E+02 
  5.882319E+00   6.000609E+03   1.257062E+02 
  5.888692E+00   5.909609E+03   1.246569E+02 
  5.895066E+00   6.004500E+03   1.268388E+02 
  5.901440E+00   6.102190E+03   1.283468E+02 
  5.907814E+00   5.997935E+03   1.275510E+02 
  5.914187E+00   6.116345E+03   1.299673E+02 
  5.920560E+00   5.970934E+03   1.284733E+02 
  5.926934E+00   5.938815E+03   1.291669E+02 
  5.933307E+00   6.046432E+03   1.311831E+02 
  5.939682E+00   6.077296E+03   1.320670E+02 
  5.946055E+00   5.865920E+03   1.300897E+02 
  5.952427E+00   6.022606E+03   1.332359E+02 
  5.958801E+00   6.025248E+03   1.336432E+02 
  5.965174E+00   5.985710E+03   1.339569E+02 
  5.971548E+00   6.078875E+03   1.359883E+02 
  5.977921E+00   6.103660E+03   1.369413E+02 
  5.984293E+00   5.935803E+03   1.355870E+02 
  5.990667E+00   6.058556E+03   1.382323E+02 
  5.997040E+00   6.142692E+03   1.399192E+02 
  6.003413E+00   6.204448E+03   1.414488E+02 
  6.009786E+00   6.078228E+03   1.406451E+02 
  6.016159E+00   6.048544E+03   1.413177E+02 
  6.022532E+00   6.103409E+03   1.429140E+02 
  6.028905E+00   6.148400E+03   1.443317E+02 
  6.035278E+00   6.229518E+03   1.462506E+02 
  6.041651E+00   6.141218E+03   1.459842E+02 
  6.048023E+00   6.153651E+03   1.471750E+02 
  6.054397E+00   6.086205E+03   1.472677E+02 
  6.060769E+00   6.119958E+03   1.487116E+02 
  6.067142E+00   5.954787E+03   1.475350E+02 
  6.073515E+00   6.044175E+03   1.497608E+02 
  6.079887E+00   6.322198E+03   1.542615E+02 
  6.086260E+00   6.078319E+03   1.520931E+02 
  6.092632E+00   6.064141E+03   1.530346E+02 
  6.099005E+00   6.173796E+03   1.554671E+02 
  6.105378E+00   6.097312E+03   1.555442E+02 
  6.111750E+00   6.120852E+03   1.559915E+02 
  6.118121E+00   6.072585E+03   1.543288E+02 
  6.124495E+00   6.031607E+03   1.527214E+02 
  6.130867E+00   6.065024E+03   1.521182E+02 
  6.137239E+00   5.988582E+03   1.500015E+02 
  6.143611E+00   6.131583E+03   1.507862E+02 
  6.149983E+00   6.121808E+03   1.496131E+02 
  6.156355E+00   6.139886E+03   1.487593E+02 
  6.162727E+00   6.155466E+03   1.479078E+02 
  6.169100E+00   6.141140E+03   1.467302E+02 
  6.175472E+00   6.067401E+03   1.446704E+02 
  6.181844E+00   6.174216E+03   1.449601E+02 
  6.188216E+00   6.184291E+03   1.440990E+02 
  6.194588E+00   6.132686E+03   1.425499E+02 
  6.200960E+00   6.009168E+03   1.399281E+02 
  6.207332E+00   6.032978E+03   1.391749E+02 
  6.213704E+00   6.077367E+03   1.386951E+02 
  6.220075E+00   6.125828E+03   1.381266E+02 
  6.226448E+00   6.194094E+03   1.384476E+02 
  6.232819E+00   5.956725E+03   1.340853E+02 
  6.239190E+00   6.154392E+03   1.358289E+02 
  6.245562E+00   6.068113E+03   1.334539E+02 
  6.251933E+00   6.234802E+03   1.346500E+02 
  6.258305E+00   6.188747E+03   1.332106E+02 
  6.264677E+00   6.130387E+03   1.316779E+02 
  6.271048E+00   6.097348E+03   1.300611E+02 
  6.277419E+00   6.210384E+03   1.306710E+02 
  6.283791E+00   6.122639E+03   1.289464E+02 
  6.290162E+00   6.033534E+03   1.267892E+02 
  6.296533E+00   6.066714E+03   1.266522E+02 
  6.302905E+00   5.964411E+03   1.243005E+02 
  6.309276E+00   6.080757E+03   1.247027E+02 
  6.315647E+00   6.140196E+03   1.247236E+02 
  6.322018E+00   6.070931E+03   1.232623E+02 
  6.328389E+00   5.985950E+03   1.215689E+02 
  6.334761E+00   5.992897E+03   1.204693E+02 
  6.341132E+00   6.160580E+03   1.215682E+02 
  6.347503E+00   6.182861E+03   1.213677E+02 
  6.353874E+00   6.085207E+03   1.195235E+02 
  6.360245E+00   6.008445E+03   1.183657E+02 
  6.366615E+00   5.960251E+03   1.164100E+02 
  6.372985E+00   6.223387E+03   1.187240E+02 
  6.379357E+00   6.190420E+03   1.181429E+02 
  6.385727E+00   6.027643E+03   1.157388E+02 
  6.392098E+00   6.038277E+03   1.150899E+02 
  6.398469E+00   6.151276E+03   1.155871E+02 
  6.404840E+00   6.222053E+03   1.159060E+02 
  6.411211E+00   6.197159E+03   1.151346E+02 
  6.417581E+00   6.150275E+03   1.143349E+02 
  6.423952E+00   6.078771E+03   1.131076E+02 
  6.430322E+00   6.077634E+03   1.126916E+02 
  6.436693E+00   6.098590E+03   1.124445E+02 
  6.443063E+00   6.186089E+03   1.128459E+02 
  6.449433E+00   6.135667E+03   1.123539E+02 
  6.455803E+00   6.047673E+03   1.109380E+02 
  6.462174E+00   6.146346E+03   1.117111E+02 
  6.468544E+00   6.105787E+03   1.111353E+02 
  6.474915E+00   6.036730E+03   1.103152E+02 
  6.481285E+00   6.097562E+03   1.106214E+02 
  6.487655E+00   6.166506E+03   1.112160E+02 
  6.494025E+00   6.112547E+03   1.106226E+02 
  6.500395E+00   6.124816E+03   1.106859E+02 
  6.506765E+00   6.127943E+03   1.107073E+02 
  6.513135E+00   6.088847E+03   1.103778E+02 
  6.519505E+00   5.986954E+03   1.094955E+02 
  6.525875E+00   5.928609E+03   1.090981E+02 
  6.532245E+00   6.003322E+03   1.099660E+02 
  6.538615E+00   6.023845E+03   1.102658E+02 
  6.544983E+00   6.055349E+03   1.108630E+02 
  6.551354E+00   6.099589E+03   1.114759E+02 
  6.557723E+00   6.047870E+03   1.112528E+02 
  6.564094E+00   6.091905E+03   1.121620E+02 
  6.570462E+00   6.044092E+03   1.118581E+02 
  6.576832E+00   6.001304E+03   1.120666E+02 
  6.583202E+00   6.092359E+03   1.134547E+02 
  6.589571E+00   6.083518E+03   1.136751E+02 
  6.595941E+00   6.097423E+03   1.145190E+02 
  6.602310E+00   6.243474E+03   1.166110E+02 
  6.608680E+00   6.054576E+03   1.147812E+02 
  6.615049E+00   5.888384E+03   1.142570E+02 
  6.621418E+00   5.997659E+03   1.163264E+02 
  6.627787E+00   6.110788E+03   1.180234E+02 
  6.634156E+00   6.058485E+03   1.180453E+02 
  6.640526E+00   6.051816E+03   1.190173E+02 
  6.646895E+00   5.954918E+03   1.186373E+02 
  6.653264E+00   5.927245E+03   1.195099E+02 
  6.659633E+00   6.104535E+03   1.225527E+02 
  6.666002E+00   6.077922E+03   1.227376E+02 
  6.672371E+00   6.063891E+03   1.238229E+02 
  6.678740E+00   6.212413E+03   1.266371E+02 
  6.685109E+00   6.138646E+03   1.264607E+02 
  6.691477E+00   6.053020E+03   1.268286E+02 
  6.697846E+00   6.019048E+03   1.276984E+02 
  6.704216E+00   5.961438E+03   1.282242E+02 
  6.710584E+00   5.972756E+03   1.297086E+02 
  6.716952E+00   5.865153E+03   1.295445E+02 
  6.723321E+00   6.156336E+03   1.347533E+02 
  6.729690E+00   6.017742E+03   1.337160E+02 
  6.736059E+00   6.068303E+03   1.360878E+02 
  6.742427E+00   6.160503E+03   1.384941E+02 
  6.748796E+00   6.040425E+03   1.382901E+02 
  6.755164E+00   6.020318E+03   1.396924E+02 
  6.761532E+00   6.134922E+03   1.426591E+02 
  6.767900E+00   6.031617E+03   1.427261E+02 
  6.774269E+00   6.054356E+03   1.446710E+02 
  6.780637E+00   6.038248E+03   1.460208E+02 
  6.787005E+00   6.070200E+03   1.480456E+02 
  6.793373E+00   6.022097E+03   1.490530E+02 
  6.799742E+00   5.733591E+03   1.469899E+02 
  6.806110E+00   6.015629E+03   1.523992E+02 
  6.812478E+00   5.989220E+03   1.537174E+02 
  6.818846E+00   5.940680E+03   1.534767E+02 
  6.825213E+00   6.093472E+03   1.537475E+02 
  6.831582E+00   5.872640E+03   1.491817E+02 
  6.837949E+00   5.929629E+03   1.482637E+02 
  6.844317E+00   5.876598E+03   1.458333E+02 
  6.850686E+00   6.002389E+03   1.457966E+02 
  6.857053E+00   5.999306E+03   1.440515E+02 
  6.863421E+00   6.079244E+03   1.434398E+02 
  6.869789E+00   6.056664E+03   1.417045E+02 
  6.876156E+00   5.926791E+03   1.383901E+02 
  6.882524E+00   5.980467E+03   1.374665E+02 
  6.888891E+00   6.035764E+03   1.364570E+02 
  6.895259E+00   6.081578E+03   1.360572E+02 
  6.901627E+00   5.786344E+03   1.306249E+02 
  6.907994E+00   5.890369E+03   1.306053E+02 
  6.914361E+00   5.857513E+03   1.287121E+02 
  6.920728E+00   5.897415E+03   1.277083E+02 
  6.927095E+00   5.956783E+03   1.271287E+02 
  6.933463E+00   5.954833E+03   1.257235E+02 
  6.939830E+00   5.992181E+03   1.247960E+02 
  6.946198E+00   5.979081E+03   1.238378E+02 
  6.952564E+00   5.823990E+03   1.205451E+02 
  6.958932E+00   5.894601E+03   1.201989E+02 
  6.965299E+00   5.898446E+03   1.192645E+02 
  6.971665E+00   5.874634E+03   1.177449E+02 
  6.978033E+00   5.938171E+03   1.174364E+02 
  6.984400E+00   5.981448E+03   1.167986E+02 
  6.990767E+00   5.984681E+03   1.162481E+02 
  6.997133E+00   5.845824E+03   1.138925E+02 
  7.003500E+00   5.827867E+03   1.127213E+02 
  7.009866E+00   5.869896E+03   1.124987E+02 
  7.016233E+00   5.843038E+03   1.115377E+02 
  7.022600E+00   5.901724E+03   1.112469E+02 
  7.028967E+00   5.925716E+03   1.112829E+02 
  7.035334E+00   5.788702E+03   1.092686E+02 
  7.041700E+00   5.829207E+03   1.091521E+02 
  7.048066E+00   5.868699E+03   1.092095E+02 
  7.054432E+00   5.911059E+03   1.092256E+02 
  7.060799E+00   5.916332E+03   1.091268E+02 
  7.067165E+00   5.917839E+03   1.088896E+02 
  7.073532E+00   5.958396E+03   1.092018E+02 
  7.079898E+00   5.822745E+03   1.079123E+02 
  7.086264E+00   5.823724E+03   1.079938E+02 
  7.092630E+00   5.829007E+03   1.080948E+02 
  7.098996E+00   5.806602E+03   1.081572E+02 
  7.105363E+00   5.848570E+03   1.087730E+02 
  7.111729E+00   5.841598E+03   1.090507E+02 
  7.118095E+00   5.769950E+03   1.087133E+02 
  7.124461E+00   5.721781E+03   1.088360E+02 
  7.130826E+00   5.648351E+03   1.085727E+02 
  7.137192E+00   5.665751E+03   1.095965E+02 
  7.143559E+00   5.836572E+03   1.120750E+02 
  7.149924E+00   5.880928E+03   1.130050E+02 
  7.156290E+00   5.696181E+03   1.117858E+02 
  7.162655E+00   5.655176E+03   1.127153E+02 
  7.169021E+00   5.719654E+03   1.143508E+02 
  7.175386E+00   5.800746E+03   1.162683E+02 
  7.181752E+00   5.626696E+03   1.150786E+02 
  7.188118E+00   5.646880E+03   1.171043E+02 
  7.194483E+00   5.704058E+03   1.187855E+02 
  7.200849E+00   5.777591E+03   1.209729E+02 
  7.207214E+00   5.746600E+03   1.217912E+02 
  7.213579E+00   5.666668E+03   1.223598E+02 
  7.219944E+00   5.610672E+03   1.232976E+02 
  7.226310E+00   5.791944E+03   1.272760E+02 
  7.232676E+00   5.769053E+03   1.281719E+02 
  7.239040E+00   5.756681E+03   1.298339E+02 
  7.245406E+00   5.757000E+03   1.315727E+02 
  7.251771E+00   5.625783E+03   1.316380E+02 
  7.258136E+00   5.651926E+03   1.340127E+02 
  7.264500E+00   5.684928E+03   1.362642E+02 
  7.270865E+00   5.664291E+03   1.378735E+02 
  7.277230E+00   5.540655E+03   1.382245E+02 
  7.283596E+00   5.574277E+03   1.407920E+02 
  7.289960E+00   5.549296E+03   1.424681E+02 
  7.296325E+00   5.733248E+03   1.470181E+02 
  7.302690E+00   5.522433E+03   1.462804E+02 
  7.309054E+00   5.611905E+03   1.496734E+02 
  7.315419E+00   5.448003E+03   1.456196E+02 
  7.321784E+00   5.521481E+03   1.444626E+02 
  7.328148E+00   5.542046E+03   1.425757E+02 
  7.334513E+00   5.634835E+03   1.416780E+02 
  7.340877E+00   5.661159E+03   1.401971E+02 
  7.347241E+00   5.407913E+03   1.348151E+02 
  7.353605E+00   5.406180E+03   1.328480E+02 
  7.359970E+00   5.385468E+03   1.307874E+02 
  7.366334E+00   5.321404E+03   1.276427E+02 
  7.372699E+00   5.547691E+03   1.290322E+02 
  7.379063E+00   5.430596E+03   1.257908E+02 
  7.385427E+00   5.372534E+03   1.232761E+02 
  7.391791E+00   5.369973E+03   1.216141E+02 
  7.398155E+00   5.426586E+03   1.199884E+02 
  7.404519E+00   5.632199E+03   1.218895E+02 
  7.410883E+00   5.344323E+03   1.164767E+02 
  7.417246E+00   5.395506E+03   1.158022E+02 
  7.423611E+00   5.375166E+03   1.140199E+02 
  7.429975E+00   5.463538E+03   1.135527E+02 
  7.436338E+00   5.488488E+03   1.130951E+02 
  7.442702E+00   5.305826E+03   1.098551E+02 
  7.449065E+00   5.282225E+03   1.082529E+02 
  7.455430E+00   5.296091E+03   1.077901E+02 
  7.461793E+00   5.329295E+03   1.065294E+02 
  7.468156E+00   5.460629E+03   1.078483E+02 
  7.474520E+00   5.254000E+03   1.047306E+02 
  7.480883E+00   5.179585E+03   1.035257E+02 
  7.487247E+00   5.147742E+03   1.024178E+02 
  7.493610E+00   5.288772E+03   1.034593E+02 
  7.499973E+00   5.314281E+03   1.034582E+02 
  7.506336E+00   5.237418E+03   1.024947E+02 
  7.512700E+00   5.266580E+03   1.026327E+02 
  7.519063E+00   5.226686E+03   1.022354E+02 
  7.525426E+00   5.085528E+03   1.009554E+02 
  7.531789E+00   5.082737E+03   1.011569E+02 
  7.538152E+00   5.207137E+03   1.028011E+02 
  7.544515E+00   5.245749E+03   1.034456E+02 
  7.550878E+00   5.132408E+03   1.028049E+02 
  7.557241E+00   5.055987E+03   1.027390E+02 
  7.563604E+00   5.093870E+03   1.039894E+02 
  7.569967E+00   5.190497E+03   1.058506E+02 
  7.576329E+00   5.181794E+03   1.064997E+02 
  7.582693E+00   5.180170E+03   1.076748E+02 
  7.589055E+00   5.164147E+03   1.085539E+02 
  7.595417E+00   5.174566E+03   1.100136E+02 
  7.601780E+00   5.041050E+03   1.095379E+02 
  7.608142E+00   4.993389E+03   1.107726E+02 
  7.614505E+00   5.104067E+03   1.137200E+02 
  7.620867E+00   5.071002E+03   1.145650E+02 
  7.627230E+00   5.081011E+03   1.165738E+02 
  7.633592E+00   5.009125E+03   1.172719E+02 
  7.639955E+00   4.882905E+03   1.175281E+02 
  7.646316E+00   4.994558E+03   1.212156E+02 
  7.652679E+00   5.099806E+03   1.243574E+02 
  7.659040E+00   5.120002E+03   1.265419E+02 
  7.665403E+00   5.133499E+03   1.288645E+02 
  7.671765E+00   5.136820E+03   1.310702E+02 
  7.678127E+00   5.181509E+03   1.339455E+02 
  7.684489E+00   5.318213E+03   1.381277E+02 
  7.690851E+00   5.235551E+03   1.393098E+02 
  7.697213E+00   5.501430E+03   1.454419E+02 
  7.703574E+00   6.050000E+03   1.555635E+02 
<?xml version="1.0" encoding="utf-8"?>
<fileinfo version="3.80.110606">
  <column key="X">
    <value key="unit">n_m^-1</value>
    <value key="quantity">SCATTERING_VECTOR</value>
  </column>
  <column key="Y">
    <value key="unit">u_m^-2</value>
    <value key="quantity">COUNTS_PER_AREA</value>
  </column>
  <parameter key="Exposure">
    <value key="name">Exposure</value>
    <value key="value">600</value>
    <value key="stddev">-1</value>
    <value key="unit">s</value>
    <value key="quantity">TIME</value>
  </parameter>
  <parameter key="Concentration" type="rc" index="0">
    <value key="name">Concentration</value>
    <value key="value">0</value>
    <value key="stddev">-1</value>
    <value key="unit">g*l^-1</value>
    <value key="quantity">CONCENTRATION_MASS</value>
  </parameter>
  <parameter key="SampleDetector" type="rc" index="1">
    <value key="name">SampleDetector</value>
    <value key="value">317.0756</value>
    <value key="stddev">-1</value>
    <value key="unit">m_m</value>
    <value key="quantity">DISTANCE</value>
  </parameter>
  <parameter key="GammaRatio" type="rc" index="2">
    <value key="name">GammaRatio</value>
    <value key="value">0</value>
    <value key="stddev">-1</value>
    <value key="unit">none</value>
    <value key="quantity">NONE</value>
  </parameter>
  <parameter key="InternalScalingFactor" type="rc" index="3">
    <value key="name">InternalScalingFactor</value>
    <value key="value">1</value>
    <value key="stddev">-1</value>
    <value key="unit">none</value>
    <value key="quantity">NONE</value>
  </parameter>
  <parameter key="Wavelength" type="rc" index="4">
    <value key="name">Wavelength</value>
    <value key="value">0.15418</value>
    <value key="stddev">-1</value>
    <value key="unit">n_m</value>
    <value key="quantity">WAVELENGTH</value>
  </parameter>
  <parameter key="Temperature" type="rc" index="5">
    <value key="name">Temperature</value>
    <value key="value">0</value>
    <value key="stddev">-1</value>
    <value key="unit">degC</value>
    <value key="quantity">TEMPERATURE</value>
  </parameter>
  <parameter key="CounterSlitLength" type="rc" index="6">
    <value key="name">CounterSlitLength</value>
    <value key="value">1.028176</value>
    <value key="stddev">-1</value>
    <value key="unit">n_m^-1</value>
    <value key="quantity">SCATTERING_VECTOR</value>
  </parameter>
  <parameter key="Absorption">
    <value key="name">Absorption</value>
    <value key="value">1</value>
    <value key="stddev">-1</value>
    <value key="unit">u_m^-2</value>
    <value key="quantity">COUNTS_PER_AREA</value>
  </parameter>
</fileinfo>